object={
	name="tree_pine_impassable_01_a_generator_1_0"
	render_pass=Map
	clamp_to_water_level=no
	generated_content=yes
	layer="tree_high_layer"
	pdxmesh="tree_pine_impassable_01_a_mesh"
	count=584
	transform="1523.701050 0.000000 1252.844727 0.000000 0.016367 0.000000 0.999866 0.400000 0.400000 0.400000
1531.275146 0.000000 1242.601440 0.000000 0.622964 0.000000 -0.782251 0.400000 0.400000 0.400000
1525.524048 0.000000 1246.232056 0.000000 0.526509 0.000000 0.850170 0.400000 0.400000 0.400000
1521.663208 0.000000 1248.828247 0.000000 0.111602 0.000000 0.993753 0.400000 0.400000 0.400000
1620.968506 0.000000 1083.060669 0.000000 0.434079 0.000000 -0.900875 0.400000 0.400000 0.400000
1601.974854 0.000000 1067.022827 0.000000 0.955959 0.000000 -0.293500 0.400000 0.400000 0.400000
1651.701050 0.000000 1060.844727 0.000000 0.215436 0.000000 0.976518 0.400000 0.400000 0.400000
1616.442627 0.000000 1069.369995 0.000000 0.839214 0.000000 0.543801 0.400000 0.400000 0.400000
1637.349609 0.000000 1057.140137 0.000000 0.044675 0.000000 -0.999002 0.400000 0.400000 0.400000
1626.973267 0.000000 1065.816772 0.000000 0.922352 0.000000 0.386350 0.400000 0.400000 0.400000
1660.556885 0.000000 1084.735474 0.000000 0.971106 0.000000 -0.238650 0.400000 0.400000 0.400000
1660.463379 0.000000 1067.821045 0.000000 0.284724 0.000000 -0.958610 0.400000 0.400000 0.400000
1650.365845 0.000000 1084.407104 0.000000 0.938748 0.000000 -0.344606 0.400000 0.400000 0.400000
1613.428833 0.000000 1080.461914 0.000000 0.396361 0.000000 0.918095 0.400000 0.400000 0.400000
1619.627563 0.000000 1062.229858 0.000000 0.890263 0.000000 0.455446 0.400000 0.400000 0.400000
1652.677856 0.000000 1070.331421 0.000000 0.396246 0.000000 -0.918144 0.400000 0.400000 0.400000
1628.504150 0.000000 1086.992310 0.000000 0.233592 0.000000 -0.972335 0.400000 0.400000 0.400000
1630.720093 0.000000 1059.818970 0.000000 0.860185 0.000000 0.509983 0.400000 0.400000 0.400000
1639.853149 0.000000 1063.449951 0.000000 0.735863 0.000000 0.677131 0.400000 0.400000 0.400000
1651.179810 0.000000 1078.579102 0.000000 0.823406 0.000000 0.567453 0.400000 0.400000 0.400000
1605.252441 0.000000 1062.042725 0.000000 0.871890 0.000000 -0.489701 0.400000 0.400000 0.400000
1656.699219 0.000000 1063.607056 0.000000 0.331679 0.000000 0.943392 0.400000 0.400000 0.400000
1622.067505 0.000000 1068.634521 0.000000 0.023199 0.000000 0.999731 0.400000 0.400000 0.400000
1642.611206 0.000000 1071.847168 0.000000 0.999852 0.000000 -0.017183 0.400000 0.400000 0.400000
1637.095581 0.000000 1081.050659 0.000000 0.143819 0.000000 0.989604 0.400000 0.400000 0.400000
1650.746094 0.000000 1065.668579 0.000000 0.881391 0.000000 0.472387 0.400000 0.400000 0.400000
1608.725952 0.000000 1078.708008 0.000000 0.716205 0.000000 0.697890 0.400000 0.400000 0.400000
1641.306641 0.000000 1054.178101 0.000000 0.252907 0.000000 0.967491 0.400000 0.400000 0.400000
1633.121826 0.000000 1056.121704 0.000000 0.987989 0.000000 -0.154527 0.400000 0.400000 0.400000
1635.982544 0.000000 1061.303711 0.000000 0.182445 0.000000 0.983216 0.400000 0.400000 0.400000
1644.478394 0.000000 1086.695435 0.000000 0.886705 0.000000 0.462336 0.400000 0.400000 0.400000
1655.588867 0.000000 1067.575195 0.000000 0.637359 0.000000 -0.770567 0.400000 0.400000 0.400000
1622.794189 0.000000 1064.649292 0.000000 0.752649 0.000000 0.658422 0.400000 0.400000 0.400000
1618.711548 0.000000 1066.198486 0.000000 0.813032 0.000000 0.582219 0.400000 0.400000 0.400000
1637.207153 0.000000 1066.217529 0.000000 0.962735 0.000000 -0.270446 0.400000 0.400000 0.400000
1647.768066 0.000000 1079.587402 0.000000 0.989096 0.000000 -0.147270 0.400000 0.400000 0.400000
1608.366577 0.000000 1063.641602 0.000000 0.967511 0.000000 -0.252829 0.400000 0.400000 0.400000
1605.248779 0.000000 1065.675903 0.000000 0.422827 0.000000 -0.906211 0.400000 0.400000 0.400000
1640.925659 0.000000 1082.553467 0.000000 0.164692 0.000000 0.986345 0.400000 0.400000 0.400000
1649.708740 0.000000 1068.947754 0.000000 0.272927 0.000000 0.962035 0.400000 0.400000 0.400000
1638.004639 0.000000 1083.951050 0.000000 0.999946 0.000000 -0.010426 0.400000 0.400000 0.400000
1632.840698 0.000000 1061.822021 0.000000 0.997290 0.000000 -0.073565 0.400000 0.400000 0.400000
1638.862305 0.000000 1060.513672 0.000000 0.033493 0.000000 -0.999439 0.400000 0.400000 0.400000
1627.092407 0.000000 1082.223022 0.000000 0.803694 0.000000 0.595043 0.400000 0.400000 0.400000
1659.354004 0.000000 1087.140015 0.000000 0.388092 0.000000 -0.921621 0.400000 0.400000 0.400000
1576.323730 0.000000 1149.959473 0.000000 0.954753 0.000000 -0.297402 0.400000 0.400000 0.400000
1581.650391 0.000000 1140.468506 0.000000 0.425316 0.000000 -0.905045 0.400000 0.400000 0.400000
1586.365845 0.000000 1148.407104 0.000000 0.305128 0.000000 -0.952312 0.400000 0.400000 0.400000
1580.949707 0.000000 1146.235962 0.000000 0.274134 0.000000 0.961691 0.400000 0.400000 0.400000
1573.095581 0.000000 1145.050659 0.000000 0.637267 0.000000 0.770643 0.400000 0.400000 0.400000
1583.768066 0.000000 1143.587402 0.000000 0.076738 0.000000 0.997051 0.400000 0.400000 0.400000
1593.664062 0.000000 1143.247559 0.000000 0.353570 0.000000 -0.935408 0.400000 0.400000 0.400000
1655.057983 0.000000 1088.752075 0.000000 0.981904 0.000000 0.189379 0.400000 0.400000 0.400000
1626.973267 0.000000 1129.816772 0.000000 0.240422 0.000000 0.970668 0.400000 0.400000 0.400000
1641.437256 0.000000 1090.075195 0.000000 0.847750 0.000000 0.530396 0.400000 0.400000 0.400000
1644.443726 0.000000 1100.538574 0.000000 0.995687 0.000000 0.092774 0.400000 0.400000 0.400000
1651.606567 0.000000 1091.285034 0.000000 0.801558 0.000000 -0.597916 0.400000 0.400000 0.400000
1644.753296 0.000000 1092.234131 0.000000 0.277510 0.000000 -0.960723 0.400000 0.400000 0.400000
1644.305664 0.000000 1088.071289 0.000000 0.990444 0.000000 0.137917 0.400000 0.400000 0.400000
1642.232910 0.000000 1098.592407 0.000000 0.902946 0.000000 0.429755 0.400000 0.400000 0.400000
1665.974854 0.000000 1067.022827 0.000000 0.016790 0.000000 -0.999859 0.400000 0.400000 0.400000
1669.561279 0.000000 1082.570312 0.000000 0.232724 0.000000 -0.972543 0.400000 0.400000 0.400000
1680.442627 0.000000 1069.369995 0.000000 0.112682 0.000000 -0.993631 0.400000 0.400000 0.400000
1672.561401 0.000000 1073.880981 0.000000 0.131394 0.000000 0.991330 0.400000 0.400000 0.400000
1664.712646 0.000000 1058.175537 0.000000 0.985414 0.000000 -0.170177 0.400000 0.400000 0.400000
1677.428833 0.000000 1080.461914 0.000000 0.512458 0.000000 0.858712 0.400000 0.400000 0.400000
1683.627563 0.000000 1062.229858 0.000000 0.467141 0.000000 -0.884183 0.400000 0.400000 0.400000
1672.257080 0.000000 1067.504028 0.000000 0.827444 0.000000 -0.561549 0.400000 0.400000 0.400000
1664.100708 0.000000 1085.086426 0.000000 0.637355 0.000000 0.770570 0.400000 0.400000 0.400000
1669.252441 0.000000 1062.042725 0.000000 0.911912 0.000000 -0.410386 0.400000 0.400000 0.400000
1674.362305 0.000000 1085.712769 0.000000 0.088953 0.000000 -0.996036 0.400000 0.400000 0.400000
1689.707886 0.000000 1079.805664 0.000000 0.894528 0.000000 -0.447012 0.400000 0.400000 0.400000
1669.573486 0.000000 1087.956909 0.000000 0.204377 0.000000 -0.978892 0.400000 0.400000 0.400000
1676.211548 0.000000 1069.100952 0.000000 0.839106 0.000000 -0.543968 0.400000 0.400000 0.400000
1677.613403 0.000000 1083.928223 0.000000 0.528985 0.000000 0.848631 0.400000 0.400000 0.400000
1677.388550 0.000000 1086.958984 0.000000 0.272715 0.000000 0.962095 0.400000 0.400000 0.400000
1720.645386 0.000000 1140.367310 0.000000 0.938176 0.000000 -0.346160 0.400000 0.400000 0.400000
1706.987793 0.000000 1095.951660 0.000000 0.989847 0.000000 -0.142140 0.400000 0.400000 0.400000
1701.349609 0.000000 1121.140137 0.000000 0.238850 0.000000 -0.971056 0.400000 0.400000 0.400000
1664.367310 0.000000 1091.297363 0.000000 0.863649 0.000000 -0.504094 0.400000 0.400000 0.400000
1690.973267 0.000000 1129.816772 0.000000 0.755927 0.000000 -0.654656 0.400000 0.400000 0.400000
1709.650391 0.000000 1140.468506 0.000000 0.057267 0.000000 -0.998359 0.400000 0.400000 0.400000
1685.573120 0.000000 1088.357666 0.000000 0.806384 0.000000 0.591393 0.400000 0.400000 0.400000
1724.556885 0.000000 1148.735474 0.000000 0.003622 0.000000 -0.999993 0.400000 0.400000 0.400000
1689.014648 0.000000 1110.339844 0.000000 0.997776 0.000000 0.066650 0.400000 0.400000 0.400000
1709.892334 0.000000 1131.312134 0.000000 0.997474 0.000000 -0.071029 0.400000 0.400000 0.400000
1710.140869 0.000000 1118.295532 0.000000 0.327026 0.000000 0.945015 0.400000 0.400000 0.400000
1680.207397 0.000000 1114.596069 0.000000 0.221558 0.000000 -0.975147 0.400000 0.400000 0.400000
1703.929810 0.000000 1113.592041 0.000000 0.977643 0.000000 0.210273 0.400000 0.400000 0.400000
1694.720093 0.000000 1123.818970 0.000000 0.362640 0.000000 0.931929 0.400000 0.400000 0.400000
1703.853149 0.000000 1127.449951 0.000000 0.966722 0.000000 0.255830 0.400000 0.400000 0.400000
1686.726440 0.000000 1102.325928 0.000000 0.057475 0.000000 -0.998347 0.400000 0.400000 0.400000
1709.218750 0.000000 1124.399780 0.000000 0.729412 0.000000 -0.684074 0.400000 0.400000 0.400000
1693.504639 0.000000 1089.727539 0.000000 0.151359 0.000000 0.988479 0.400000 0.400000 0.400000
1670.784302 0.000000 1092.691895 0.000000 0.813040 0.000000 0.582208 0.400000 0.400000 0.400000
1669.252441 0.000000 1126.042725 0.000000 0.194988 0.000000 -0.980806 0.400000 0.400000 0.400000
1726.173340 0.000000 1139.099121 0.000000 0.305353 0.000000 -0.952239 0.400000 0.400000 0.400000
1675.854736 0.000000 1103.435059 0.000000 0.778345 0.000000 -0.627837 0.400000 0.400000 0.400000
1706.611206 0.000000 1135.847168 0.000000 0.471781 0.000000 -0.881716 0.400000 0.400000 0.400000
1701.428711 0.000000 1093.748779 0.000000 0.631280 0.000000 0.775555 0.400000 0.400000 0.400000
1685.501099 0.000000 1114.272583 0.000000 0.050457 0.000000 -0.998726 0.400000 0.400000 0.400000
1689.410400 0.000000 1124.740967 0.000000 0.222424 0.000000 0.974950 0.400000 0.400000 0.400000
1678.736938 0.000000 1099.170776 0.000000 0.818227 0.000000 0.574895 0.400000 0.400000 0.400000
1701.095581 0.000000 1145.050659 0.000000 0.126465 0.000000 0.991971 0.400000 0.400000 0.400000
1711.760254 0.000000 1094.595703 0.000000 0.768800 0.000000 0.639489 0.400000 0.400000 0.400000
1683.874268 0.000000 1109.486328 0.000000 0.709469 0.000000 -0.704737 0.400000 0.400000 0.400000
1711.949219 0.000000 1135.976807 0.000000 0.233449 0.000000 0.972369 0.400000 0.400000 0.400000
1710.322510 0.000000 1105.055664 0.000000 0.798744 0.000000 -0.601672 0.400000 0.400000 0.400000
1708.443726 0.000000 1100.538574 0.000000 0.741741 0.000000 -0.670687 0.400000 0.400000 0.400000
1698.930298 0.000000 1113.593506 0.000000 0.815107 0.000000 0.579310 0.400000 0.400000 0.400000
1691.751709 0.000000 1120.042847 0.000000 0.340972 0.000000 -0.940074 0.400000 0.400000 0.400000
1721.374146 0.000000 1135.420776 0.000000 0.143186 0.000000 -0.989696 0.400000 0.400000 0.400000
1696.857788 0.000000 1092.969849 0.000000 0.814308 0.000000 -0.580433 0.400000 0.400000 0.400000
1727.609375 0.000000 1134.860840 0.000000 0.813044 0.000000 0.582202 0.400000 0.400000 0.400000
1682.959473 0.000000 1117.962769 0.000000 0.147485 0.000000 -0.989064 0.400000 0.400000 0.400000
1687.028442 0.000000 1106.613525 0.000000 0.947440 0.000000 -0.319934 0.400000 0.400000 0.400000
1668.120972 0.000000 1089.254517 0.000000 0.080237 0.000000 0.996776 0.400000 0.400000 0.400000
1683.933838 0.000000 1122.131104 0.000000 0.374924 0.000000 -0.927055 0.400000 0.400000 0.400000
1689.606445 0.000000 1088.135986 0.000000 0.007014 0.000000 0.999975 0.400000 0.400000 0.400000
1708.753296 0.000000 1092.234131 0.000000 0.459517 0.000000 0.888169 0.400000 0.400000 0.400000
1679.404663 0.000000 1088.101074 0.000000 0.477951 0.000000 0.878386 0.400000 0.400000 0.400000
1691.031494 0.000000 1092.294800 0.000000 0.803026 0.000000 0.595944 0.400000 0.400000 0.400000
1706.376709 0.000000 1139.435547 0.000000 0.960898 0.000000 0.276901 0.400000 0.400000 0.400000
1679.162964 0.000000 1102.655762 0.000000 0.038900 0.000000 0.999243 0.400000 0.400000 0.400000
1704.925659 0.000000 1146.553467 0.000000 0.849469 0.000000 -0.527639 0.400000 0.400000 0.400000
1713.708740 0.000000 1132.947754 0.000000 0.209375 0.000000 0.977836 0.400000 0.400000 0.400000
1684.391357 0.000000 1104.639160 0.000000 0.946549 0.000000 -0.322560 0.400000 0.400000 0.400000
1697.932251 0.000000 1117.070557 0.000000 0.979999 0.000000 0.199002 0.400000 0.400000 0.400000
1727.100098 0.000000 1146.470459 0.000000 0.039760 0.000000 0.999209 0.400000 0.400000 0.400000
1702.004639 0.000000 1147.951050 0.000000 0.184425 0.000000 0.982847 0.400000 0.400000 0.400000
1709.360352 0.000000 1134.471802 0.000000 0.827144 0.000000 -0.561990 0.400000 0.400000 0.400000
1697.335938 0.000000 1111.397827 0.000000 0.021471 0.000000 0.999769 0.400000 0.400000 0.400000
1729.974854 0.000000 1131.022827 0.000000 0.082494 0.000000 -0.996592 0.400000 0.400000 0.400000
1728.499634 0.000000 1139.129517 0.000000 0.155832 0.000000 -0.987784 0.400000 0.400000 0.400000
1728.100708 0.000000 1149.086426 0.000000 0.858530 0.000000 0.512763 0.400000 0.400000 0.400000
1733.252441 0.000000 1126.042725 0.000000 0.929075 0.000000 -0.369891 0.400000 0.400000 0.400000
1728.934570 0.000000 1144.146240 0.000000 0.977326 0.000000 -0.211740 0.400000 0.400000 0.400000
1731.764038 0.000000 1135.516235 0.000000 0.990946 0.000000 0.134260 0.400000 0.400000 0.400000
1728.278198 0.000000 1134.224487 0.000000 0.383889 0.000000 0.923379 0.400000 0.400000 0.400000
1733.248779 0.000000 1129.675903 0.000000 0.646930 0.000000 0.762549 0.400000 0.400000 0.400000
1564.366943 0.000000 1159.669678 0.000000 0.906950 0.000000 -0.421238 0.400000 0.400000 0.400000
1591.057983 0.000000 1152.752075 0.000000 0.751140 0.000000 -0.660143 0.400000 0.400000 0.400000
1573.210205 0.000000 1197.929688 0.000000 0.659806 0.000000 0.751436 0.400000 0.400000 0.400000
1578.987793 0.000000 1159.951660 0.000000 0.840126 0.000000 0.542392 0.400000 0.400000 0.400000
1569.790161 0.000000 1172.919434 0.000000 0.241558 0.000000 0.970386 0.400000 0.400000 0.400000
1573.349609 0.000000 1185.140137 0.000000 0.996892 0.000000 -0.078777 0.400000 0.400000 0.400000
1585.762573 0.000000 1165.487793 0.000000 0.845438 0.000000 0.534074 0.400000 0.400000 0.400000
1582.140869 0.000000 1182.295532 0.000000 0.715801 0.000000 -0.698304 0.400000 0.400000 0.400000
1571.523926 0.000000 1163.150513 0.000000 0.876949 0.000000 -0.480584 0.400000 0.400000 0.400000
1564.772583 0.000000 1167.317261 0.000000 0.139542 0.000000 0.990216 0.400000 0.400000 0.400000
1588.888672 0.000000 1159.308228 0.000000 0.612179 0.000000 0.790719 0.400000 0.400000 0.400000
1565.504639 0.000000 1153.727539 0.000000 0.997186 0.000000 -0.074965 0.400000 0.400000 0.400000
1583.760254 0.000000 1158.595703 0.000000 0.347283 0.000000 -0.937760 0.400000 0.400000 0.400000
1580.443726 0.000000 1164.538574 0.000000 0.963592 0.000000 -0.267378 0.400000 0.400000 0.400000
1577.306641 0.000000 1182.178101 0.000000 0.049236 0.000000 0.998787 0.400000 0.400000 0.400000
1568.857788 0.000000 1156.969849 0.000000 0.946472 0.000000 -0.322786 0.400000 0.400000 0.400000
1598.265503 0.000000 1162.700684 0.000000 0.989204 0.000000 0.146546 0.400000 0.400000 0.400000
1598.278442 0.000000 1167.923340 0.000000 0.045689 0.000000 0.998956 0.400000 0.400000 0.400000
1575.941406 0.000000 1164.199341 0.000000 0.015394 0.000000 -0.999882 0.400000 0.400000 0.400000
1566.775513 0.000000 1163.332642 0.000000 0.983249 0.000000 0.182266 0.400000 0.400000 0.400000
1564.427734 0.000000 1171.569092 0.000000 0.895276 0.000000 0.445512 0.400000 0.400000 0.400000
1577.210327 0.000000 1186.904785 0.000000 0.101412 0.000000 0.994844 0.400000 0.400000 0.400000
1580.753296 0.000000 1156.234131 0.000000 0.779056 0.000000 -0.626954 0.400000 0.400000 0.400000
1583.689575 0.000000 1162.353760 0.000000 0.776795 0.000000 0.629754 0.400000 0.400000 0.400000
1569.075317 0.000000 1160.515991 0.000000 0.240357 0.000000 -0.970684 0.400000 0.400000 0.400000
1569.726562 0.000000 1198.735229 0.000000 0.876086 0.000000 0.482154 0.400000 0.400000 0.400000
1575.417358 0.000000 1160.753906 0.000000 0.677171 0.000000 -0.735825 0.400000 0.400000 0.400000
1569.277344 0.000000 1165.673218 0.000000 0.825539 0.000000 -0.564345 0.400000 0.400000 0.400000
1579.883667 0.000000 1184.944336 0.000000 0.173369 0.000000 -0.984857 0.400000 0.400000 0.400000
1587.167358 0.000000 1162.150757 0.000000 0.554304 0.000000 0.832314 0.400000 0.400000 0.400000
1573.385620 0.000000 1165.613403 0.000000 0.442126 0.000000 0.896953 0.400000 0.400000 0.400000
1597.166260 0.000000 1165.213135 0.000000 0.941588 0.000000 0.336768 0.400000 0.400000 0.400000
1586.477783 0.000000 1158.194336 0.000000 0.280974 0.000000 0.959715 0.400000 0.400000 0.400000
1601.501099 0.000000 1167.862915 0.000000 0.020749 0.000000 0.999785 0.400000 0.400000 0.400000
1608.167114 0.000000 1181.333374 0.000000 0.267594 0.000000 0.963532 0.400000 0.400000 0.400000
1609.671753 0.000000 1162.250977 0.000000 0.617068 0.000000 -0.786910 0.400000 0.400000 0.400000
1635.523926 0.000000 1163.150513 0.000000 0.643965 0.000000 -0.765055 0.400000 0.400000 0.400000
1605.252441 0.000000 1190.042725 0.000000 0.170736 0.000000 0.985317 0.400000 0.400000 0.400000
1611.854736 0.000000 1167.435059 0.000000 0.999251 0.000000 0.038692 0.400000 0.400000 0.400000
1605.360718 0.000000 1176.334473 0.000000 0.211453 0.000000 -0.977388 0.400000 0.400000 0.400000
1614.736938 0.000000 1163.170776 0.000000 0.742936 0.000000 0.669362 0.400000 0.400000 0.400000
1603.025757 0.000000 1181.487427 0.000000 0.075572 0.000000 0.997140 0.400000 0.400000 0.400000
1606.586548 0.000000 1167.758423 0.000000 0.790385 0.000000 0.612610 0.400000 0.400000 0.400000
1605.866211 0.000000 1185.456055 0.000000 0.330580 0.000000 0.943778 0.400000 0.400000 0.400000
1605.424927 0.000000 1171.414673 0.000000 0.861978 0.000000 0.506945 0.400000 0.400000 0.400000
1633.277344 0.000000 1165.673218 0.000000 0.990835 0.000000 -0.135080 0.400000 0.400000 0.400000
1605.749634 0.000000 1179.519897 0.000000 0.493918 0.000000 0.869508 0.400000 0.400000 0.400000
1611.949829 0.000000 1164.437378 0.000000 0.999316 0.000000 -0.036967 0.400000 0.400000 0.400000
1537.501099 0.000000 1231.862915 0.000000 0.976842 0.000000 0.213960 0.400000 0.400000 0.400000
1547.378418 0.000000 1216.790649 0.000000 0.957920 0.000000 0.287035 0.400000 0.400000 0.400000
1536.229248 0.000000 1240.886719 0.000000 0.779707 0.000000 0.626144 0.400000 0.400000 0.400000
1538.312622 0.000000 1225.467163 0.000000 0.334005 0.000000 -0.942571 0.400000 0.400000 0.400000
1542.784302 0.000000 1220.691895 0.000000 0.915466 0.000000 -0.402396 0.400000 0.400000 0.400000
1552.590576 0.000000 1219.759033 0.000000 0.991909 0.000000 -0.126955 0.400000 0.400000 0.400000
1537.917603 0.000000 1236.549194 0.000000 0.858707 0.000000 0.512468 0.400000 0.400000 0.400000
1551.404663 0.000000 1216.101074 0.000000 0.885044 0.000000 -0.465508 0.400000 0.400000 0.400000
1543.777588 0.000000 1216.011597 0.000000 0.969375 0.000000 -0.245587 0.400000 0.400000 0.400000
1675.378418 0.000000 1152.790649 0.000000 0.970658 0.000000 -0.240463 0.400000 0.400000 0.400000
1765.210205 0.000000 1261.929688 0.000000 0.531733 0.000000 -0.846912 0.400000 0.400000 0.400000
1744.442627 0.000000 1261.369995 0.000000 0.998623 0.000000 -0.052455 0.400000 0.400000 0.400000
1787.275146 0.000000 1242.601440 0.000000 0.953534 0.000000 -0.301286 0.400000 0.400000 0.400000
1736.561401 0.000000 1265.880981 0.000000 0.983329 0.000000 -0.181834 0.400000 0.400000 0.400000
1780.677856 0.000000 1262.331421 0.000000 0.710805 0.000000 0.703389 0.400000 0.400000 0.400000
1761.672241 0.000000 1256.879639 0.000000 0.998681 0.000000 -0.051345 0.400000 0.400000 0.400000
1790.173340 0.000000 1267.099121 0.000000 0.995723 0.000000 -0.092389 0.400000 0.400000 0.400000
1750.067505 0.000000 1260.634521 0.000000 0.920941 0.000000 -0.389703 0.400000 0.400000 0.400000
1780.107300 0.000000 1266.510132 0.000000 0.977379 0.000000 -0.211496 0.400000 0.400000 0.400000
1812.968506 0.000000 1211.060669 0.000000 0.353270 0.000000 -0.935521 0.400000 0.400000 0.400000
1797.561279 0.000000 1210.570312 0.000000 0.134439 0.000000 -0.990922 0.400000 0.400000 0.400000
1802.362305 0.000000 1213.712769 0.000000 0.980312 0.000000 0.197456 0.400000 0.400000 0.400000
1808.370483 0.000000 1214.160278 0.000000 0.968290 0.000000 0.249830 0.400000 0.400000 0.400000
1801.161621 0.000000 1210.236450 0.000000 0.450699 0.000000 -0.892676 0.400000 0.400000 0.400000
1803.378418 0.000000 1216.790649 0.000000 0.624252 0.000000 -0.781223 0.400000 0.400000 0.400000
1797.561279 0.000000 1274.570312 0.000000 0.443197 0.000000 -0.896424 0.400000 0.400000 0.400000
1800.167114 0.000000 1245.333374 0.000000 0.337930 0.000000 0.941171 0.400000 0.400000 0.400000
1792.367310 0.000000 1219.297363 0.000000 0.891053 0.000000 -0.453899 0.400000 0.400000 0.400000
1852.556885 0.000000 1276.735474 0.000000 0.655140 0.000000 0.755508 0.400000 0.400000 0.400000
1800.561401 0.000000 1265.880981 0.000000 0.978861 0.000000 0.204527 0.400000 0.400000 0.400000
1807.584717 0.000000 1248.958496 0.000000 0.748714 0.000000 0.662893 0.400000 0.400000 0.400000
1808.590576 0.000000 1219.759033 0.000000 0.972347 0.000000 0.233539 0.400000 0.400000 0.400000
1797.360718 0.000000 1240.334473 0.000000 0.911600 0.000000 0.411079 0.400000 0.400000 0.400000
1805.640869 0.000000 1265.921997 0.000000 0.939028 0.000000 0.343840 0.400000 0.400000 0.400000
1804.211548 0.000000 1261.100952 0.000000 0.919964 0.000000 0.392004 0.400000 0.400000 0.400000
1697.790161 0.000000 1300.919434 0.000000 0.217736 0.000000 -0.976008 0.400000 0.400000 0.400000
1722.416138 0.000000 1293.527710 0.000000 0.874707 0.000000 0.484651 0.400000 0.400000 0.400000
1723.275146 0.000000 1306.601440 0.000000 0.992675 0.000000 -0.120813 0.400000 0.400000 0.400000
1724.556885 0.000000 1340.735474 0.000000 0.416563 0.000000 -0.909107 0.400000 0.400000 0.400000
1709.892334 0.000000 1323.312134 0.000000 0.993398 0.000000 0.114718 0.400000 0.400000 0.400000
1703.929810 0.000000 1305.592041 0.000000 0.967744 0.000000 0.251937 0.400000 0.400000 0.400000
1698.930298 0.000000 1305.593506 0.000000 0.107487 0.000000 0.994206 0.400000 0.400000 0.400000
1726.972534 0.000000 1309.459717 0.000000 0.540583 0.000000 0.841291 0.400000 0.400000 0.400000
1729.501099 0.000000 1295.862915 0.000000 0.520254 0.000000 -0.854012 0.400000 0.400000 0.400000
1776.281738 0.000000 1301.950928 0.000000 0.120777 0.000000 0.992680 0.400000 0.400000 0.400000
1784.645386 0.000000 1332.367310 0.000000 0.984821 0.000000 -0.173575 0.400000 0.400000 0.400000
1750.976318 0.000000 1311.441162 0.000000 0.702296 0.000000 -0.711885 0.400000 0.400000 0.400000
1786.416138 0.000000 1293.527710 0.000000 0.523491 0.000000 -0.852031 0.400000 0.400000 0.400000
1787.275146 0.000000 1306.601440 0.000000 0.978683 0.000000 0.205377 0.400000 0.400000 0.400000
1759.319092 0.000000 1335.947632 0.000000 0.936091 0.000000 -0.351759 0.400000 0.400000 0.400000
1773.650391 0.000000 1332.468506 0.000000 0.982541 0.000000 -0.186047 0.400000 0.400000 0.400000
1788.463379 0.000000 1323.821045 0.000000 0.942975 0.000000 0.332863 0.400000 0.400000 0.400000
1778.365845 0.000000 1340.407104 0.000000 0.293097 0.000000 0.956083 0.400000 0.400000 0.400000
1751.673828 0.000000 1330.428345 0.000000 0.903895 0.000000 0.427753 0.400000 0.400000 0.400000
1777.762573 0.000000 1293.487793 0.000000 0.989371 0.000000 -0.145417 0.400000 0.400000 0.400000
1756.772583 0.000000 1295.317261 0.000000 0.443984 0.000000 0.896034 0.400000 0.400000 0.400000
1789.275879 0.000000 1316.162109 0.000000 0.295596 0.000000 0.955313 0.400000 0.400000 0.400000
1747.627563 0.000000 1318.229858 0.000000 0.863586 0.000000 0.504202 0.400000 0.400000 0.400000
1780.677856 0.000000 1326.331421 0.000000 0.977845 0.000000 -0.209330 0.400000 0.400000 0.400000
1758.720093 0.000000 1315.818970 0.000000 0.414134 0.000000 0.910216 0.400000 0.400000 0.400000
1780.888672 0.000000 1287.308228 0.000000 0.699745 0.000000 -0.714393 0.400000 0.400000 0.400000
1767.853149 0.000000 1319.449951 0.000000 0.042724 0.000000 -0.999087 0.400000 0.400000 0.400000
1766.957764 0.000000 1332.401733 0.000000 0.634340 0.000000 -0.773054 0.400000 0.400000 0.400000
1730.312622 0.000000 1289.467163 0.000000 0.561112 0.000000 0.827740 0.400000 0.400000 0.400000
1773.218750 0.000000 1316.399780 0.000000 0.999991 0.000000 -0.004319 0.400000 0.400000 0.400000
1789.435791 0.000000 1300.831055 0.000000 0.797801 0.000000 -0.602921 0.400000 0.400000 0.400000
1746.083252 0.000000 1332.457397 0.000000 0.925731 0.000000 -0.378183 0.400000 0.400000 0.400000
1761.672241 0.000000 1320.879639 0.000000 0.273959 0.000000 0.961741 0.400000 0.400000 0.400000
1784.699219 0.000000 1319.607056 0.000000 0.746312 0.000000 -0.665596 0.400000 0.400000 0.400000
1753.707886 0.000000 1335.805664 0.000000 0.871184 0.000000 -0.490956 0.400000 0.400000 0.400000
1749.501099 0.000000 1306.272583 0.000000 0.399934 0.000000 0.916544 0.400000 0.400000 0.400000
1786.787476 0.000000 1311.616577 0.000000 0.050237 0.000000 -0.998737 0.400000 0.400000 0.400000
1741.640869 0.000000 1329.921997 0.000000 0.836879 0.000000 0.547387 0.400000 0.400000 0.400000
1774.322510 0.000000 1297.055664 0.000000 0.715285 0.000000 -0.698833 0.400000 0.400000 0.400000
1772.443726 0.000000 1292.538574 0.000000 0.392069 0.000000 -0.919936 0.400000 0.400000 0.400000
1754.162476 0.000000 1307.509766 0.000000 0.370448 0.000000 -0.928853 0.400000 0.400000 0.400000
1757.620728 0.000000 1303.662842 0.000000 0.881862 0.000000 -0.471508 0.400000 0.400000 0.400000
1779.368530 0.000000 1297.918701 0.000000 0.982258 0.000000 0.187534 0.400000 0.400000 0.400000
1755.751709 0.000000 1312.042847 0.000000 0.279944 0.000000 0.960016 0.400000 0.400000 0.400000
1769.306641 0.000000 1310.178101 0.000000 0.630572 0.000000 0.776131 0.400000 0.400000 0.400000
1785.374146 0.000000 1327.420776 0.000000 0.745156 0.000000 0.666890 0.400000 0.400000 0.400000
1743.043945 0.000000 1320.765747 0.000000 0.585358 0.000000 0.810775 0.400000 0.400000 0.400000
1761.121826 0.000000 1312.121704 0.000000 0.931900 0.000000 0.362715 0.400000 0.400000 0.400000
1781.978394 0.000000 1292.223877 0.000000 0.081428 0.000000 0.996679 0.400000 0.400000 0.400000
1755.928833 0.000000 1332.033691 0.000000 0.738054 0.000000 0.674741 0.400000 0.400000 0.400000
1777.663208 0.000000 1312.828247 0.000000 0.317976 0.000000 0.948099 0.400000 0.400000 0.400000
1758.574585 0.000000 1324.103027 0.000000 0.838365 0.000000 -0.545109 0.400000 0.400000 0.400000
1780.107300 0.000000 1330.510132 0.000000 0.016998 0.000000 -0.999856 0.400000 0.400000 0.400000
1790.313843 0.000000 1320.150757 0.000000 0.210131 0.000000 0.977673 0.400000 0.400000 0.400000
1765.122314 0.000000 1308.998779 0.000000 0.635485 0.000000 0.772113 0.400000 0.400000 0.400000
1733.865112 0.000000 1291.321777 0.000000 0.955117 0.000000 0.296229 0.400000 0.400000 0.400000
1747.933838 0.000000 1314.131104 0.000000 0.757451 0.000000 0.652892 0.400000 0.400000 0.400000
1757.569336 0.000000 1339.336182 0.000000 0.539565 0.000000 0.841944 0.400000 0.400000 0.400000
1744.064575 0.000000 1316.701782 0.000000 0.822699 0.000000 0.568477 0.400000 0.400000 0.400000
1786.515747 0.000000 1298.426025 0.000000 0.414590 0.000000 0.910008 0.400000 0.400000 0.400000
1761.726562 0.000000 1326.735229 0.000000 0.327469 0.000000 0.944862 0.400000 0.400000 0.400000
1728.013794 0.000000 1292.653442 0.000000 0.800686 0.000000 0.599085 0.400000 0.400000 0.400000
1766.725830 0.000000 1329.065430 0.000000 0.130584 0.000000 0.991437 0.400000 0.400000 0.400000
1779.167358 0.000000 1290.150757 0.000000 0.694876 0.000000 0.719130 0.400000 0.400000 0.400000
1759.157227 0.000000 1332.205078 0.000000 0.485050 0.000000 -0.874487 0.400000 0.400000 0.400000
1759.928833 0.000000 1343.411377 0.000000 0.844140 0.000000 0.536122 0.400000 0.400000 0.400000
1781.457520 0.000000 1319.845825 0.000000 0.999840 0.000000 -0.017901 0.400000 0.400000 0.400000
1776.290405 0.000000 1315.640625 0.000000 0.751126 0.000000 0.660159 0.400000 0.400000 0.400000
1783.016235 0.000000 1329.444336 0.000000 0.257413 0.000000 0.966302 0.400000 0.400000 0.400000
1743.138184 0.000000 1333.559326 0.000000 0.971669 0.000000 -0.236346 0.400000 0.400000 0.400000
1750.151001 0.000000 1303.355591 0.000000 0.503235 0.000000 -0.864150 0.400000 0.400000 0.400000
1748.968506 0.000000 1403.060669 0.000000 0.619910 0.000000 -0.784673 0.400000 0.400000 0.400000
1756.366943 0.000000 1351.669678 0.000000 0.954690 0.000000 -0.297602 0.400000 0.400000 0.400000
1779.701050 0.000000 1380.844727 0.000000 0.221083 0.000000 -0.975255 0.400000 0.400000 0.400000
1768.323730 0.000000 1405.959473 0.000000 0.480376 0.000000 0.877063 0.400000 0.400000 0.400000
1745.064331 0.000000 1361.424316 0.000000 0.119802 0.000000 -0.992798 0.400000 0.400000 0.400000
1761.790161 0.000000 1364.919434 0.000000 0.557840 0.000000 -0.829949 0.400000 0.400000 0.400000
1765.349609 0.000000 1377.140137 0.000000 0.945949 0.000000 0.324317 0.400000 0.400000 0.400000
1754.973267 0.000000 1385.816772 0.000000 0.925242 0.000000 0.379376 0.400000 0.400000 0.400000
1759.319092 0.000000 1399.947632 0.000000 0.892386 0.000000 -0.451272 0.400000 0.400000 0.400000
1773.650391 0.000000 1396.468506 0.000000 0.996677 0.000000 -0.081450 0.400000 0.400000 0.400000
1788.556885 0.000000 1404.735474 0.000000 0.150867 0.000000 0.988554 0.400000 0.400000 0.400000
1739.373291 0.000000 1381.818604 0.000000 0.837045 0.000000 -0.547134 0.400000 0.400000 0.400000
1777.762573 0.000000 1357.487793 0.000000 0.672313 0.000000 -0.740267 0.400000 0.400000 0.400000
1769.543945 0.000000 1360.418701 0.000000 0.154279 0.000000 0.988027 0.400000 0.400000 0.400000
1774.140869 0.000000 1374.295532 0.000000 0.735521 0.000000 -0.677502 0.400000 0.400000 0.400000
1756.772583 0.000000 1359.317261 0.000000 0.819711 0.000000 0.572777 0.400000 0.400000 0.400000
1789.275879 0.000000 1380.162109 0.000000 0.933529 0.000000 -0.358502 0.400000 0.400000 0.400000
1747.627563 0.000000 1382.229858 0.000000 0.999994 0.000000 0.003587 0.400000 0.400000 0.400000
1775.553467 0.000000 1345.432007 0.000000 0.663632 0.000000 0.748059 0.400000 0.400000 0.400000
1758.720093 0.000000 1379.818970 0.000000 0.219643 0.000000 0.975580 0.400000 0.400000 0.400000
1787.670044 0.000000 1350.378418 0.000000 0.286846 0.000000 0.957977 0.400000 0.400000 0.400000
1780.888672 0.000000 1351.308228 0.000000 0.517705 0.000000 0.855559 0.400000 0.400000 0.400000
1766.957764 0.000000 1396.401733 0.000000 0.275509 0.000000 0.961299 0.400000 0.400000 0.400000
1750.726440 0.000000 1358.325928 0.000000 0.384167 0.000000 0.923264 0.400000 0.400000 0.400000
1757.504639 0.000000 1345.727539 0.000000 0.936044 0.000000 0.351882 0.400000 0.400000 0.400000
1746.083252 0.000000 1396.457397 0.000000 0.613928 0.000000 0.789362 0.400000 0.400000 0.400000
1769.437256 0.000000 1346.075195 0.000000 0.998537 0.000000 0.054079 0.400000 0.400000 0.400000
1761.672241 0.000000 1384.879639 0.000000 0.942820 0.000000 -0.333303 0.400000 0.400000 0.400000
1770.611206 0.000000 1391.847168 0.000000 0.950789 0.000000 -0.309838 0.400000 0.400000 0.400000
1753.410400 0.000000 1380.740967 0.000000 0.715961 0.000000 0.698140 0.400000 0.400000 0.400000
1770.893677 0.000000 1365.241943 0.000000 0.976339 0.000000 -0.216244 0.400000 0.400000 0.400000
1741.661377 0.000000 1365.948853 0.000000 0.824960 0.000000 0.565190 0.400000 0.400000 0.400000
1747.874268 0.000000 1365.486328 0.000000 0.984971 0.000000 0.172717 0.400000 0.400000 0.400000
1775.949219 0.000000 1391.976807 0.000000 0.934487 0.000000 -0.355997 0.400000 0.400000 0.400000
1778.746094 0.000000 1385.668579 0.000000 0.311176 0.000000 -0.950352 0.400000 0.400000 0.400000
1762.930298 0.000000 1369.593506 0.000000 0.598208 0.000000 -0.801341 0.400000 0.400000 0.400000
1779.368530 0.000000 1361.918701 0.000000 0.416173 0.000000 0.909286 0.400000 0.400000 0.400000
1769.306641 0.000000 1374.178101 0.000000 0.480181 0.000000 -0.877169 0.400000 0.400000 0.400000
1733.866211 0.000000 1377.456055 0.000000 0.832486 0.000000 0.554046 0.400000 0.400000 0.400000
1762.333984 0.000000 1395.662842 0.000000 0.629604 0.000000 0.776916 0.400000 0.400000 0.400000
1738.125244 0.000000 1368.783813 0.000000 0.457053 0.000000 0.889439 0.400000 0.400000 0.400000
1752.600586 0.000000 1354.099976 0.000000 0.994994 0.000000 -0.099933 0.400000 0.400000 0.400000
1766.374634 0.000000 1364.287109 0.000000 0.137454 0.000000 -0.990508 0.400000 0.400000 0.400000
1761.121826 0.000000 1376.121704 0.000000 0.948212 0.000000 0.317639 0.400000 0.400000 0.400000
1781.978394 0.000000 1356.223877 0.000000 0.957606 0.000000 0.288080 0.400000 0.400000 0.400000
1740.546875 0.000000 1373.193726 0.000000 0.967521 0.000000 0.252792 0.400000 0.400000 0.400000
1777.663208 0.000000 1376.828247 0.000000 0.989350 0.000000 0.145556 0.400000 0.400000 0.400000
1745.253906 0.000000 1401.669556 0.000000 0.908837 0.000000 0.417152 0.400000 0.400000 0.400000
1757.569336 0.000000 1403.336182 0.000000 0.875348 0.000000 -0.483494 0.400000 0.400000 0.400000
1790.713501 0.000000 1368.471313 0.000000 0.945270 0.000000 0.326288 0.400000 0.400000 0.400000
1776.907471 0.000000 1395.574097 0.000000 0.155705 0.000000 -0.987804 0.400000 0.400000 0.400000
1766.725830 0.000000 1393.065430 0.000000 0.476012 0.000000 0.879439 0.400000 0.400000 0.400000
1755.393677 0.000000 1356.328369 0.000000 0.999965 0.000000 0.008412 0.400000 0.400000 0.400000
1748.391357 0.000000 1360.639160 0.000000 0.202585 0.000000 0.979265 0.400000 0.400000 0.400000
1766.168701 0.000000 1346.670288 0.000000 0.343685 0.000000 -0.939085 0.400000 0.400000 0.400000
1776.406372 0.000000 1369.438843 0.000000 0.700728 0.000000 -0.713428 0.400000 0.400000 0.400000
1789.974243 0.000000 1348.018677 0.000000 0.359553 0.000000 -0.933125 0.400000 0.400000 0.400000
1779.088501 0.000000 1344.206421 0.000000 0.705749 0.000000 -0.708462 0.400000 0.400000 0.400000
1760.272949 0.000000 1344.253662 0.000000 0.150101 0.000000 0.988671 0.400000 0.400000 0.400000
1773.261963 0.000000 1393.486816 0.000000 0.077284 0.000000 -0.997009 0.400000 0.400000 0.400000
1744.442627 0.000000 1364.322998 0.000000 0.998775 0.000000 0.049491 0.400000 0.400000 0.400000
1763.784912 0.000000 1393.119385 0.000000 0.585972 0.000000 -0.810331 0.400000 0.400000 0.400000
1768.175781 0.000000 1390.330444 0.000000 0.228244 0.000000 -0.973604 0.400000 0.400000 0.400000
1783.057983 0.000000 1408.752075 0.000000 0.923228 0.000000 -0.384254 0.400000 0.400000 0.400000
1737.671753 0.000000 1418.250977 0.000000 0.465378 0.000000 0.885112 0.400000 0.400000 0.400000
1753.014648 0.000000 1430.339844 0.000000 0.344350 0.000000 0.938841 0.400000 0.400000 0.400000
1780.888672 0.000000 1415.308228 0.000000 0.452522 0.000000 0.891753 0.400000 0.400000 0.400000
1757.504639 0.000000 1409.727539 0.000000 0.465836 0.000000 -0.884871 0.400000 0.400000 0.400000
1739.854736 0.000000 1423.435059 0.000000 0.124244 0.000000 0.992252 0.400000 0.400000 0.400000
1764.396973 0.000000 1424.374512 0.000000 0.384062 0.000000 0.923307 0.400000 0.400000 0.400000
1766.374634 0.000000 1428.287109 0.000000 0.438478 0.000000 -0.898742 0.400000 0.400000 0.400000
1772.753296 0.000000 1412.234131 0.000000 0.910888 0.000000 -0.412654 0.400000 0.400000 0.400000
1812.968506 0.000000 1339.060669 0.000000 0.882893 0.000000 0.469575 0.400000 0.400000 0.400000
1848.645386 0.000000 1332.367310 0.000000 0.452923 0.000000 0.891550 0.400000 0.400000 0.400000
1793.974854 0.000000 1323.022827 0.000000 0.914950 0.000000 -0.403567 0.400000 0.400000 0.400000
1829.210205 0.000000 1325.929688 0.000000 0.856635 0.000000 -0.515923 0.400000 0.400000 0.400000
1797.561279 0.000000 1338.570312 0.000000 0.999305 0.000000 -0.037278 0.400000 0.400000 0.400000
1832.323730 0.000000 1341.959473 0.000000 0.816347 0.000000 -0.577562 0.400000 0.400000 0.400000
1808.442627 0.000000 1325.369995 0.000000 0.945982 0.000000 -0.324220 0.400000 0.400000 0.400000
1818.973267 0.000000 1321.816772 0.000000 0.686767 0.000000 0.726877 0.400000 0.400000 0.400000
1823.319092 0.000000 1335.947632 0.000000 0.629336 0.000000 0.777133 0.400000 0.400000 0.400000
1800.561401 0.000000 1329.880981 0.000000 0.757357 0.000000 0.653001 0.400000 0.400000 0.400000
1792.229248 0.000000 1304.886719 0.000000 0.838235 0.000000 0.545309 0.400000 0.400000 0.400000
1815.673828 0.000000 1330.428345 0.000000 0.912840 0.000000 0.408316 0.400000 0.400000 0.400000
1800.797729 0.000000 1300.335449 0.000000 0.112755 0.000000 0.993623 0.400000 0.400000 0.400000
1811.627563 0.000000 1318.229858 0.000000 0.985986 0.000000 0.166827 0.400000 0.400000 0.400000
1844.677856 0.000000 1326.331421 0.000000 0.476932 0.000000 0.878940 0.400000 0.400000 0.400000
1822.720093 0.000000 1315.818970 0.000000 0.093587 0.000000 0.995611 0.400000 0.400000 0.400000
1851.670044 0.000000 1286.378418 0.000000 0.360801 0.000000 0.932643 0.400000 0.400000 0.400000
1810.083252 0.000000 1332.457397 0.000000 0.532295 0.000000 0.846559 0.400000 0.400000 0.400000
1825.672241 0.000000 1320.879639 0.000000 0.784836 0.000000 0.619703 0.400000 0.400000 0.400000
1854.173340 0.000000 1331.099121 0.000000 0.996424 0.000000 -0.084493 0.400000 0.400000 0.400000
1826.251953 0.000000 1341.171753 0.000000 0.898412 0.000000 0.439155 0.400000 0.400000 0.400000
1808.370483 0.000000 1342.160278 0.000000 0.885715 0.000000 0.464229 0.400000 0.400000 0.400000
1817.707886 0.000000 1335.805664 0.000000 0.019703 0.000000 -0.999806 0.400000 0.400000 0.400000
1797.573486 0.000000 1343.956909 0.000000 0.664754 0.000000 -0.747062 0.400000 0.400000 0.400000
1797.360718 0.000000 1304.334473 0.000000 0.841817 0.000000 -0.539763 0.400000 0.400000 0.400000
1849.374146 0.000000 1327.420776 0.000000 0.653116 0.000000 -0.757258 0.400000 0.400000 0.400000
1807.043945 0.000000 1320.765747 0.000000 0.535985 0.000000 0.844228 0.400000 0.400000 0.400000
1826.333984 0.000000 1331.662842 0.000000 0.315820 0.000000 0.948819 0.400000 0.400000 0.400000
1802.125244 0.000000 1304.783813 0.000000 0.993324 0.000000 -0.115357 0.400000 0.400000 0.400000
1792.331177 0.000000 1318.835327 0.000000 0.424239 0.000000 0.905550 0.400000 0.400000 0.400000
1811.843872 0.000000 1328.372437 0.000000 0.955042 0.000000 -0.296471 0.400000 0.400000 0.400000
1804.546875 0.000000 1309.193726 0.000000 0.834062 0.000000 0.551671 0.400000 0.400000 0.400000
1819.928833 0.000000 1332.033691 0.000000 0.042029 0.000000 0.999116 0.400000 0.400000 0.400000
1847.588867 0.000000 1323.575195 0.000000 0.526264 0.000000 -0.850321 0.400000 0.400000 0.400000
1799.334717 0.000000 1326.736206 0.000000 0.402087 0.000000 -0.915602 0.400000 0.400000 0.400000
1854.933350 0.000000 1333.930298 0.000000 0.545069 0.000000 0.838391 0.400000 0.400000 0.400000
1876.968506 0.000000 1339.060669 0.000000 0.294101 0.000000 0.955774 0.400000 0.400000 0.400000
1856.367310 0.000000 1283.297363 0.000000 0.189141 0.000000 -0.981950 0.400000 0.400000 0.400000
1879.673828 0.000000 1330.428345 0.000000 0.918187 0.000000 -0.396148 0.400000 0.400000 0.400000
1875.637207 0.000000 1289.028809 0.000000 0.288917 0.000000 -0.957354 0.400000 0.400000 0.400000
1856.499634 0.000000 1331.129517 0.000000 0.943766 0.000000 -0.330613 0.400000 0.400000 0.400000
1875.627563 0.000000 1318.229858 0.000000 0.871277 0.000000 0.490791 0.400000 0.400000 0.400000
1874.083252 0.000000 1332.457397 0.000000 0.458862 0.000000 -0.888507 0.400000 0.400000 0.400000
1890.251953 0.000000 1341.171753 0.000000 0.789780 0.000000 0.613391 0.400000 0.400000 0.400000
1869.661377 0.000000 1301.948853 0.000000 0.268884 0.000000 0.963172 0.400000 0.400000 0.400000
1868.172119 0.000000 1285.928101 0.000000 0.770217 0.000000 -0.637782 0.400000 0.400000 0.400000
1878.794189 0.000000 1320.649292 0.000000 0.929761 0.000000 -0.368163 0.400000 0.400000 0.400000
1872.257935 0.000000 1287.456543 0.000000 0.351922 0.000000 0.936029 0.400000 0.400000 0.400000
1863.777588 0.000000 1280.011597 0.000000 0.253852 0.000000 -0.967243 0.400000 0.400000 0.400000
1868.911865 0.000000 1298.607422 0.000000 0.951237 0.000000 0.308462 0.400000 0.400000 0.400000
1873.186401 0.000000 1319.220947 0.000000 0.185821 0.000000 -0.982584 0.400000 0.400000 0.400000
1812.968506 0.000000 1403.060669 0.000000 0.866481 0.000000 0.499210 0.400000 0.400000 0.400000
1840.281738 0.000000 1365.950928 0.000000 0.935239 0.000000 -0.354016 0.400000 0.400000 0.400000
1848.645386 0.000000 1396.367310 0.000000 0.999866 0.000000 -0.016356 0.400000 0.400000 0.400000
1814.976318 0.000000 1375.441162 0.000000 0.234041 0.000000 -0.972227 0.400000 0.400000 0.400000
1803.378418 0.000000 1344.790649 0.000000 0.951945 0.000000 0.306269 0.400000 0.400000 0.400000
1797.561279 0.000000 1402.570312 0.000000 0.939140 0.000000 -0.343535 0.400000 0.400000 0.400000
1832.323730 0.000000 1405.959473 0.000000 0.778412 0.000000 -0.627754 0.400000 0.400000 0.400000
1834.987793 0.000000 1351.951660 0.000000 0.875859 0.000000 0.482567 0.400000 0.400000 0.400000
1825.790161 0.000000 1364.919434 0.000000 0.243468 0.000000 0.969909 0.400000 0.400000 0.400000
1851.275146 0.000000 1370.601440 0.000000 0.974307 0.000000 0.225223 0.400000 0.400000 0.400000
1792.367310 0.000000 1347.297363 0.000000 0.478766 0.000000 -0.877943 0.400000 0.400000 0.400000
1827.497070 0.000000 1344.566162 0.000000 0.644905 0.000000 -0.764263 0.400000 0.400000 0.400000
1801.671753 0.000000 1354.250977 0.000000 0.497207 0.000000 0.867632 0.400000 0.400000 0.400000
1852.556885 0.000000 1404.735474 0.000000 0.054065 0.000000 0.998537 0.400000 0.400000 0.400000
1842.365845 0.000000 1404.407104 0.000000 0.635217 0.000000 -0.772334 0.400000 0.400000 0.400000
1803.373291 0.000000 1381.818604 0.000000 0.944556 0.000000 0.328349 0.400000 0.400000 0.400000
1800.561401 0.000000 1393.880981 0.000000 0.077355 0.000000 0.997004 0.400000 0.400000 0.400000
1792.229248 0.000000 1368.886719 0.000000 0.996443 0.000000 0.084273 0.400000 0.400000 0.400000
1792.712646 0.000000 1378.175537 0.000000 0.999901 0.000000 -0.014053 0.400000 0.400000 0.400000
1817.014648 0.000000 1366.339844 0.000000 0.727314 0.000000 0.686305 0.400000 0.400000 0.400000
1815.673828 0.000000 1394.428345 0.000000 0.667586 0.000000 0.744532 0.400000 0.400000 0.400000
1841.762573 0.000000 1357.487793 0.000000 0.608847 0.000000 -0.793287 0.400000 0.400000 0.400000
1833.543945 0.000000 1360.418701 0.000000 0.378594 0.000000 -0.925563 0.400000 0.400000 0.400000
1800.797729 0.000000 1364.335449 0.000000 0.974079 0.000000 -0.226206 0.400000 0.400000 0.400000
1805.428833 0.000000 1400.461914 0.000000 0.450353 0.000000 0.892851 0.400000 0.400000 0.400000
1822.934204 0.000000 1372.268188 0.000000 0.465047 0.000000 0.885286 0.400000 0.400000 0.400000
1847.376587 0.000000 1364.529785 0.000000 0.598811 0.000000 -0.800890 0.400000 0.400000 0.400000
1844.888672 0.000000 1351.308228 0.000000 0.538248 0.000000 0.842786 0.400000 0.400000 0.400000
1845.524048 0.000000 1374.232056 0.000000 0.991326 0.000000 0.131423 0.400000 0.400000 0.400000
1853.435791 0.000000 1364.831055 0.000000 0.880687 0.000000 0.473698 0.400000 0.400000 0.400000
1792.100708 0.000000 1405.086426 0.000000 0.012289 0.000000 0.999924 0.400000 0.400000 0.400000
1798.784302 0.000000 1348.691895 0.000000 0.971645 0.000000 0.236443 0.400000 0.400000 0.400000
1843.179810 0.000000 1398.579102 0.000000 0.999206 0.000000 0.039833 0.400000 0.400000 0.400000
1810.083252 0.000000 1396.457397 0.000000 0.558157 0.000000 -0.829735 0.400000 0.400000 0.400000
1797.252441 0.000000 1382.042725 0.000000 0.862468 0.000000 -0.506112 0.400000 0.400000 0.400000
1854.173340 0.000000 1395.099121 0.000000 0.180698 0.000000 -0.983539 0.400000 0.400000 0.400000
1836.949707 0.000000 1402.235962 0.000000 0.925498 0.000000 -0.378752 0.400000 0.400000 0.400000
1817.707886 0.000000 1399.805664 0.000000 0.308509 0.000000 -0.951221 0.400000 0.400000 0.400000
1847.659180 0.000000 1401.764648 0.000000 0.991862 0.000000 0.127319 0.400000 0.400000 0.400000
1844.455933 0.000000 1369.110718 0.000000 0.996953 0.000000 0.078008 0.400000 0.400000 0.400000
1834.893677 0.000000 1365.241943 0.000000 0.047244 0.000000 0.998883 0.400000 0.400000 0.400000
1792.934570 0.000000 1400.146240 0.000000 0.961316 0.000000 0.275447 0.400000 0.400000 0.400000
1800.725952 0.000000 1398.708008 0.000000 0.619151 0.000000 0.785272 0.400000 0.400000 0.400000
1804.172119 0.000000 1349.928101 0.000000 0.229639 0.000000 0.973276 0.400000 0.400000 0.400000
1818.162476 0.000000 1371.509766 0.000000 0.987480 0.000000 -0.157746 0.400000 0.400000 0.400000
1826.930298 0.000000 1369.593506 0.000000 0.700206 0.000000 -0.713941 0.400000 0.400000 0.400000
1852.728638 0.000000 1399.943481 0.000000 0.913095 0.000000 -0.407748 0.400000 0.400000 0.400000
1796.492310 0.000000 1397.102539 0.000000 0.576489 0.000000 -0.817105 0.400000 0.400000 0.400000
1792.331177 0.000000 1382.835327 0.000000 0.284284 0.000000 -0.958740 0.400000 0.400000 0.400000
1836.478394 0.000000 1406.695435 0.000000 0.480101 0.000000 0.877213 0.400000 0.400000 0.400000
1813.874756 0.000000 1398.274536 0.000000 0.789311 0.000000 0.613994 0.400000 0.400000 0.400000
1796.120972 0.000000 1345.254517 0.000000 0.414210 0.000000 -0.910181 0.400000 0.400000 0.400000
1795.216064 0.000000 1349.769775 0.000000 0.961277 0.000000 0.275584 0.400000 0.400000 0.400000
1850.227417 0.000000 1367.046509 0.000000 0.540093 0.000000 -0.841606 0.400000 0.400000 0.400000
1847.571411 0.000000 1371.262817 0.000000 0.627713 0.000000 -0.778445 0.400000 0.400000 0.400000
1797.424927 0.000000 1363.414673 0.000000 0.917861 0.000000 0.396902 0.400000 0.400000 0.400000
1804.040161 0.000000 1397.247681 0.000000 0.800050 0.000000 0.599934 0.400000 0.400000 0.400000
1839.181274 0.000000 1404.684937 0.000000 0.730104 0.000000 -0.683336 0.400000 0.400000 0.400000
1804.537231 0.000000 1353.006348 0.000000 0.768607 0.000000 0.639721 0.400000 0.400000 0.400000
1807.138184 0.000000 1397.559326 0.000000 0.950311 0.000000 -0.311303 0.400000 0.400000 0.400000
1801.280884 0.000000 1350.682617 0.000000 0.498787 0.000000 0.866725 0.400000 0.400000 0.400000
1876.968506 0.000000 1403.060669 0.000000 0.941398 0.000000 0.337297 0.400000 0.400000 0.400000
1857.501099 0.000000 1359.862915 0.000000 0.963928 0.000000 -0.266164 0.400000 0.400000 0.400000
1878.976318 0.000000 1375.441162 0.000000 0.446256 0.000000 0.894906 0.400000 0.400000 0.400000
1896.323730 0.000000 1405.959473 0.000000 0.914765 0.000000 0.403986 0.400000 0.400000 0.400000
1893.349609 0.000000 1377.140137 0.000000 0.682304 0.000000 0.731069 0.400000 0.400000 0.400000
1901.650391 0.000000 1396.468506 0.000000 0.278509 0.000000 -0.960434 0.400000 0.400000 0.400000
1891.497070 0.000000 1344.566162 0.000000 0.900092 0.000000 -0.435700 0.400000 0.400000 0.400000
1906.365845 0.000000 1404.407104 0.000000 0.937671 0.000000 0.347524 0.400000 0.400000 0.400000
1856.229248 0.000000 1368.886719 0.000000 0.942563 0.000000 -0.334028 0.400000 0.400000 0.400000
1856.499634 0.000000 1395.129517 0.000000 0.987480 0.000000 -0.157744 0.400000 0.400000 0.400000
1869.428833 0.000000 1400.461914 0.000000 0.974301 0.000000 0.225251 0.400000 0.400000 0.400000
1886.934204 0.000000 1372.268188 0.000000 0.768562 0.000000 0.639775 0.400000 0.400000 0.400000
1884.504150 0.000000 1406.992310 0.000000 0.944761 0.000000 -0.327761 0.400000 0.400000 0.400000
1894.957764 0.000000 1396.401733 0.000000 0.999587 0.000000 -0.028745 0.400000 0.400000 0.400000
1885.504639 0.000000 1345.727539 0.000000 0.428429 0.000000 0.903575 0.400000 0.400000 0.400000
1900.949707 0.000000 1402.235962 0.000000 0.977723 0.000000 0.209899 0.400000 0.400000 0.400000
1890.251953 0.000000 1405.171753 0.000000 0.986610 0.000000 0.163095 0.400000 0.400000 0.400000
1893.095581 0.000000 1401.050659 0.000000 0.978687 0.000000 -0.205358 0.400000 0.400000 0.400000
1883.751709 0.000000 1376.042847 0.000000 0.290218 0.000000 0.956961 0.400000 0.400000 0.400000
1889.121826 0.000000 1376.121704 0.000000 0.588454 0.000000 0.808530 0.400000 0.400000 0.400000
1900.478394 0.000000 1406.695435 0.000000 0.503778 0.000000 -0.863833 0.400000 0.400000 0.400000
1897.959961 0.000000 1399.235596 0.000000 0.078911 0.000000 0.996882 0.400000 0.400000 0.400000
1877.898193 0.000000 1406.725342 0.000000 0.938487 0.000000 0.345315 0.400000 0.400000 0.400000
1848.645386 0.000000 1460.367310 0.000000 0.308525 0.000000 -0.951216 0.400000 0.400000 0.400000
1847.057983 0.000000 1408.752075 0.000000 0.698642 0.000000 -0.715471 0.400000 0.400000 0.400000
1843.701050 0.000000 1444.844727 0.000000 0.110483 0.000000 -0.993878 0.400000 0.400000 0.400000
1850.416138 0.000000 1421.527710 0.000000 0.001764 0.000000 0.999998 0.400000 0.400000 0.400000
1851.275146 0.000000 1434.601440 0.000000 0.422580 0.000000 0.906326 0.400000 0.400000 0.400000
1852.556885 0.000000 1468.735474 0.000000 0.692990 0.000000 0.720947 0.400000 0.400000 0.400000
1852.463379 0.000000 1451.821045 0.000000 0.953916 0.000000 0.300075 0.400000 0.400000 0.400000
1841.762573 0.000000 1421.487793 0.000000 0.767551 0.000000 -0.640988 0.400000 0.400000 0.400000
1838.140869 0.000000 1438.295532 0.000000 0.970537 0.000000 -0.240951 0.400000 0.400000 0.400000
1847.376587 0.000000 1428.529785 0.000000 0.937341 0.000000 -0.348414 0.400000 0.400000 0.400000
1844.888672 0.000000 1415.308228 0.000000 0.998139 0.000000 -0.060972 0.400000 0.400000 0.400000
1853.435791 0.000000 1428.831055 0.000000 0.992248 0.000000 -0.124275 0.400000 0.400000 0.400000
1854.173340 0.000000 1459.099121 0.000000 0.999833 0.000000 0.018254 0.400000 0.400000 0.400000
1847.659180 0.000000 1465.764648 0.000000 0.823918 0.000000 0.566709 0.400000 0.400000 0.400000
1852.728638 0.000000 1463.943481 0.000000 0.996171 0.000000 0.087424 0.400000 0.400000 0.400000
1845.978394 0.000000 1420.223877 0.000000 0.985127 0.000000 0.171830 0.400000 0.400000 0.400000
1855.609375 0.000000 1454.860840 0.000000 0.871735 0.000000 0.489977 0.400000 0.400000 0.400000
1841.663208 0.000000 1440.828247 0.000000 0.074006 0.000000 -0.997258 0.400000 0.400000 0.400000
1843.606567 0.000000 1411.285034 0.000000 0.535502 0.000000 0.844534 0.400000 0.400000 0.400000
1848.031128 0.000000 1412.688599 0.000000 0.821153 0.000000 -0.570708 0.400000 0.400000 0.400000
1848.689331 0.000000 1417.062744 0.000000 0.887116 0.000000 -0.461547 0.400000 0.400000 0.400000
1841.971924 0.000000 1436.266602 0.000000 0.437813 0.000000 0.899066 0.400000 0.400000 0.400000
1854.713501 0.000000 1432.471313 0.000000 0.558975 0.000000 -0.829185 0.400000 0.400000 0.400000
1857.501099 0.000000 1423.862915 0.000000 0.857524 0.000000 0.514444 0.400000 0.400000 0.400000
1878.976318 0.000000 1439.441162 0.000000 0.984381 0.000000 0.176050 0.400000 0.400000 0.400000
1884.366943 0.000000 1415.669678 0.000000 0.537248 0.000000 0.843424 0.400000 0.400000 0.400000
1857.974854 0.000000 1451.022827 0.000000 0.798793 0.000000 -0.601606 0.400000 0.400000 0.400000
1911.057983 0.000000 1408.752075 0.000000 0.645473 0.000000 -0.763783 0.400000 0.400000 0.400000
1872.442627 0.000000 1453.369995 0.000000 0.856847 0.000000 -0.515571 0.400000 0.400000 0.400000
1898.987793 0.000000 1415.951660 0.000000 0.768007 0.000000 0.640442 0.400000 0.400000 0.400000
1889.790161 0.000000 1428.919434 0.000000 0.989593 0.000000 0.143892 0.400000 0.400000 0.400000
1893.349609 0.000000 1441.140137 0.000000 0.983140 0.000000 -0.182852 0.400000 0.400000 0.400000
1882.973267 0.000000 1449.816772 0.000000 0.509453 0.000000 -0.860499 0.400000 0.400000 0.400000
1891.497070 0.000000 1408.566162 0.000000 0.349430 0.000000 0.936963 0.400000 0.400000 0.400000
1864.561401 0.000000 1457.880981 0.000000 0.938369 0.000000 0.345636 0.400000 0.400000 0.400000
1856.229248 0.000000 1432.886719 0.000000 0.952906 0.000000 -0.303265 0.400000 0.400000 0.400000
1879.673828 0.000000 1458.428345 0.000000 0.993640 0.000000 0.112606 0.400000 0.400000 0.400000
1856.499634 0.000000 1459.129517 0.000000 0.756851 0.000000 -0.653588 0.400000 0.400000 0.400000
1886.934204 0.000000 1436.268188 0.000000 0.980813 0.000000 0.194953 0.400000 0.400000 0.400000
1891.523926 0.000000 1419.150513 0.000000 0.999695 0.000000 0.024716 0.400000 0.400000 0.400000
1884.772583 0.000000 1423.317261 0.000000 0.944281 0.000000 0.329141 0.400000 0.400000 0.400000
1875.627563 0.000000 1446.229858 0.000000 0.481598 0.000000 -0.876392 0.400000 0.400000 0.400000
1903.553467 0.000000 1409.432007 0.000000 0.625718 0.000000 -0.780050 0.400000 0.400000 0.400000
1886.720093 0.000000 1443.818970 0.000000 0.942402 0.000000 -0.334483 0.400000 0.400000 0.400000
1908.888672 0.000000 1415.308228 0.000000 0.998187 0.000000 -0.060181 0.400000 0.400000 0.400000
1864.257080 0.000000 1451.504028 0.000000 0.968468 0.000000 -0.249138 0.400000 0.400000 0.400000
1885.504639 0.000000 1409.727539 0.000000 0.315827 0.000000 -0.948817 0.400000 0.400000 0.400000
1856.100708 0.000000 1469.086426 0.000000 0.781694 0.000000 -0.623662 0.400000 0.400000 0.400000
1872.590576 0.000000 1411.759033 0.000000 0.974860 0.000000 -0.222819 0.400000 0.400000 0.400000
1878.067505 0.000000 1452.634521 0.000000 0.260488 0.000000 0.965477 0.400000 0.400000 0.400000
1893.428711 0.000000 1413.748779 0.000000 0.999823 0.000000 -0.018826 0.400000 0.400000 0.400000
1879.480469 0.000000 1413.307617 0.000000 0.204098 0.000000 0.978950 0.400000 0.400000 0.400000
1881.410400 0.000000 1444.740967 0.000000 0.665347 0.000000 0.746534 0.400000 0.400000 0.400000
1903.760254 0.000000 1414.595703 0.000000 0.944177 0.000000 -0.329438 0.400000 0.400000 0.400000
1892.396973 0.000000 1424.374512 0.000000 0.667953 0.000000 0.744203 0.400000 0.400000 0.400000
1856.934570 0.000000 1464.146240 0.000000 0.717377 0.000000 0.696685 0.400000 0.400000 0.400000
1859.764038 0.000000 1455.516235 0.000000 0.453092 0.000000 0.891464 0.400000 0.400000 0.400000
1885.620728 0.000000 1431.662842 0.000000 0.958944 0.000000 -0.283594 0.400000 0.400000 0.400000
1883.751709 0.000000 1440.042847 0.000000 0.957328 0.000000 0.289004 0.400000 0.400000 0.400000
1888.857788 0.000000 1412.969849 0.000000 0.011442 0.000000 -0.999935 0.400000 0.400000 0.400000
1857.917603 0.000000 1428.549194 0.000000 0.537213 0.000000 0.843446 0.400000 0.400000 0.400000
1871.043945 0.000000 1448.765747 0.000000 0.129792 0.000000 -0.991541 0.400000 0.400000 0.400000
1886.775513 0.000000 1419.332642 0.000000 0.127482 0.000000 -0.991841 0.400000 0.400000 0.400000
1875.843872 0.000000 1456.372437 0.000000 0.725827 0.000000 -0.687878 0.400000 0.400000 0.400000
1889.121826 0.000000 1440.121704 0.000000 0.631293 0.000000 0.775544 0.400000 0.400000 0.400000
1884.427734 0.000000 1427.569092 0.000000 0.853217 0.000000 -0.521557 0.400000 0.400000 0.400000
1907.606567 0.000000 1411.285034 0.000000 0.263532 0.000000 -0.964651 0.400000 0.400000 0.400000
1888.448853 0.000000 1425.080078 0.000000 0.516507 0.000000 -0.856283 0.400000 0.400000 0.400000
1874.711548 0.000000 1450.198486 0.000000 0.341775 0.000000 -0.939782 0.400000 0.400000 0.400000
1856.278198 0.000000 1454.224487 0.000000 0.342300 0.000000 -0.939591 0.400000 0.400000 0.400000
1889.277344 0.000000 1421.673218 0.000000 0.972607 0.000000 0.232455 0.400000 0.400000 0.400000
1847.057983 0.000000 1472.752075 0.000000 0.909549 0.000000 0.415596 0.400000 0.400000 0.400000
1837.650391 0.000000 1524.468506 0.000000 0.810823 0.000000 0.585292 0.400000 0.400000 0.400000
1842.365845 0.000000 1532.407104 0.000000 0.464338 0.000000 0.885658 0.400000 0.400000 0.400000
1833.543945 0.000000 1488.418701 0.000000 0.193624 0.000000 -0.981076 0.400000 0.400000 0.400000
1838.140869 0.000000 1502.295532 0.000000 0.125804 0.000000 -0.992055 0.400000 0.400000 0.400000
1827.523926 0.000000 1483.150513 0.000000 0.291600 0.000000 -0.956541 0.400000 0.400000 0.400000
1830.957764 0.000000 1524.401733 0.000000 0.933050 0.000000 0.359746 0.400000 0.400000 0.400000
1853.653442 0.000000 1472.806396 0.000000 0.203337 0.000000 -0.979109 0.400000 0.400000 0.400000
1828.396973 0.000000 1488.374512 0.000000 0.999521 0.000000 -0.030939 0.400000 0.400000 0.400000
1831.941406 0.000000 1484.199341 0.000000 0.149725 0.000000 -0.988728 0.400000 0.400000 0.400000
1833.959961 0.000000 1527.235596 0.000000 0.995163 0.000000 -0.098235 0.400000 0.400000 0.400000
1841.971924 0.000000 1500.266602 0.000000 0.930043 0.000000 0.367450 0.400000 0.400000 0.400000
"}
