object={
	name="bridge 01"
	render_pass=MapUnderWater
	clamp_to_water_level=no
	generated_content=no
	layer="temp_layer"
	pdxmesh="bridge_01_mesh"
	count=4
	transform="1723.700317 0.521729 1470.833008 0.000000 0.639605 0.000000 0.768703 1.191161 1.191161 1.191161
1731.157959 0.965942 1397.347656 0.000000 -0.744793 0.000000 0.667295 1.305786 1.305786 1.305786
1621.526123 1.318359 1385.865112 0.000000 -0.375879 0.000000 0.926669 1.641685 1.641685 1.641685
1575.172729 1.620972 1293.089600 0.000000 -0.011963 0.000000 0.999928 1.430689 1.430689 1.430689
"}
