object={
	name="lakes"
	render_pass=Map
	clamp_to_water_level=no
	generated_content=no
	layer="lake_layer"
	pdxmesh="lake_mesh"
	count=9
	transform="1708.116821 2.287354 1246.658936 0.000000 -0.635656 0.000000 0.771972 206.240128 206.240128 206.240128
1637.689209 0.000000 1426.749878 0.000000 0.000000 0.000000 1.000000 1.000000 1.000000 1.000000
1606.765869 0.000000 1429.586792 0.000000 0.000000 0.000000 1.000000 1.000000 1.000000 1.000000
1708.193726 -0.073120 1493.007690 0.000000 0.629048 0.000000 0.777366 53.144199 53.144199 53.144199
1877.776489 -0.249877 1381.217529 0.000000 -0.781919 0.000000 0.623380 28.858841 28.858841 28.858841
1863.013794 1.462158 1448.910645 0.000000 -0.565534 0.000000 -0.824725 69.103226 69.103226 69.103226
1854.451782 0.277344 1301.247925 0.000000 -0.687057 0.000000 0.726603 61.471180 61.471180 61.471180
1570.872437 1.664795 1291.985229 0.000000 0.997520 0.000000 0.070390 60.643787 60.643787 60.643787
1597.735596 -9.862671 1386.987671 0.000000 0.236685 0.000000 0.971586 59.802513 59.802513 59.802513
"}
